Time 0
0    0    0    0    0    
0    0    0    0    0    
0    0    0    0    0    
0    0    0    100  0    
0    0    0    0    0    
0    0    0    0    0    
0    0    0    0    0    
Time 1
0    0    0    0    0    
0    0    0    0    0    
0    0    6    6    0    
0    0    6    50   0    
0    0    6    6    0    
0    0    0    0    0    
0    0    0    0    0    
Time 2
0    0    0    0    0    
0    0    0    0    0    
0    0    7    7    0    
0    1    7    26   0    
0    0    7    7    0    
0    0    0    0    0    
0    0    0    0    0    
Time 3
0    0    0    0    0    
0    0    1    1    0    
0    1    6    6    0    
0    2    7    15    0    
0    1    6    6    0    
0    0    1    1    0    
0    0    0    0    0    
Time 4
0    0    0    0    0    
0    0    1    1    0    
0    1    5    5    0    
0    2    6    9    0    
0    1    5    5    0    
0    0    1    1    0    
0    0    0    0    0    
Time 5
0    0    0    0    0    
0    1    1    1    0    
0    2    4    4    0    
0    2    5    6    0    
0    2    4    4    0    
0    1    1    1    0    
0    0    0    0    0    
Time 6
0    0    0    0    0    
0    1    1    1    0    
0    1    3    3    0    
0    2    4    4    0    
0    1    3    3    0    
0    1    1    1    0    
0    0    0    0    0    
Time 7
0    0    0    0    0    
0    0    1    1    0    
0    1    3    2    0    
0    2    3    3    0    
0    1    3    2    0    
0    0    1    1    0    
0    0    0    0    0    
Time 8
0    0    0    0    0    
0    0    1    1    0    
0    1    2    2    0    
0    2    3    2    0    
0    1    2    2    0    
0    0    1    1    0    
0    0    0    0    0    
Time 9
0    0    0    0    0    
0    0    1    0    0    
0    1    2    1    0    
0    1    2    2    0    
0    1    2    1    0    
0    0    1    0    0    
0    0    0    0    0    
Time 10
0    0    0    0    0    
0    0    1    0    0    
0    1    2    1    0    
0    1    2    1    0    
0    1    2    1    0    
0    0    1    0    0    
0    0    0    0    0    
Time 11
0    0    0    0    0    
0    0    0    0    0    
0    1    1    1    0    
0    1    1    1    0    
0    1    1    1    0    
0    0    0    0    0    
0    0    0    0    0    
Time 12
0    0    0    0    0    
0    0    0    0    0    
0    0    1    1    0    
0    1    1    1    0    
0    0    1    1    0    
0    0    0    0    0    
0    0    0    0    0    
Time 13
0    0    0    0    0    
0    0    0    0    0    
0    0    1    0    0    
0    0    1    1    0    
0    0    1    0    0    
0    0    0    0    0    
0    0    0    0    0    
Time 14
0    0    0    0    0    
0    0    0    0    0    
0    0    1    0    0    
0    0    1    0    0    
0    0    1    0    0    
0    0    0    0    0    
0    0    0    0    0    
Time 15
0    0    0    0    0    
0    0    0    0    0    
0    0    0    0    0    
0    0    1    0    0    
0    0    0    0    0    
0    0    0    0    0    
0    0    0    0    0    
Time 16
0    0    0    0    0    
0    0    0    0    0    
0    0    0    0    0    
0    0    0    0    0    
0    0    0    0    0    
0    0    0    0    0    
0    0    0    0    0    
Time 17
0    0    0    0    0    
0    0    0    0    0    
0    0    0    0    0    
0    0    0    0    0    
0    0    0    0    0    
0    0    0    0    0    
0    0    0    0    0    
Time 18
0    0    0    0    0    
0    0    0    0    0    
0    0    0    0    0    
0    0    0    0    0    
0    0    0    0    0    
0    0    0    0    0    
0    0    0    0    0    
Time 19
0    0    0    0    0    
0    0    0    0    0    
0    0    0    0    0    
0    0    0    0    0    
0    0    0    0    0    
0    0    0    0    0    
0    0    0    0    0    