Time 0
0    0    0    0    0    
0    0    0    0    0    
0    0    100  0    0    
0    0    0    0    0    
0    0    0    0    0    
0    0    0    0    0    
0    0    0    0    0    
Time 1
0    0    0    0    0    
0    6    6    6    0    
0    6    50   6    0    
0    6    6    6    0    
0    0    0    0    0    
0    0    0    0    0    
0    0    0    0    0    
Time 2
0    0    0    0    0    
0    7    7    7    0    
0    7    28   7    0    
0    7    7    7    0    
0    0    1    0    0    
0    0    0    0    0    
0    0    0    0    0     